0.458
0.459
0.46
0.46
0.457
0.453
0.447
0.439
0.43
0.421
0.412
0.404
0.399
0.395
0.395
0.4
0.409
0.426
0.45
0.482
0.52
0.554
0.59
0.627
0.663
0.697
0.729
0.758
0.784
0.806
0.825
0.838
0.849
0.858
0.866
0.872
0.877
0.882
0.887
0.891
0.895
0.897
0.901
0.904
0.907
0.911
0.915
0.92
0.925
0.931
0.936
0.942
0.948
0.953
0.957
0.96
0.961
0.957
0.949
0.934
0.912
0.881
0.844
0.801
0.754
0.707
0.661
0.618
0.58
0.547
0.52
0.499
0.481
0.467
0.455
0.445
0.437
0.431
0.427
0.423
0.421
0.421
0.422
0.425
0.429
0.436
0.447
0.463
0.487
0.517
0.549
0.576
0.589
0.584
0.567
0.544
0.519
0.496
0.475
0.456
0.44
0.426
0.413
0.402
0.391
0.381
0.372
0.363
0.355
0.347
0.339
0.331
0.324
0.317
0.31
0.303
0.296
0.289
0.282
0.275
0.268
0.262
0.256
0.249
0.243
0.237
0.231
0.225
0.219
0.213
0.207
0.201
0.196
0.19
0.185
0.18
0.175
0.171
0.166
0.163
0.159
0.156
0.154
0.152
0.151
0.15
0.149
0.15
0.151
0.153
0.155
0.16
0.165
0.172
0.18
0.19
0.202
0.216
0.233
0.253
0.276
0.303
0.334
0.371
0.416
0.468
0.532
0.608
0.701
0.812
0.939
1.066
1.176
1.242
1.249
1.211
1.154
1.103
1.067
1.05
1.049
1.06
1.08
1.106
1.138
1.173
1.211
1.251
1.292
1.333
1.373
1.413
1.451
1.488
1.524
1.557
1.588
1.616
1.643
1.666
1.688
1.706
1.723
1.737
1.748
1.757
1.765
1.77
1.773
1.775
1.775
1.773
1.77
1.766
1.761
1.755
1.747
1.74
1.731
1.722
1.712
1.702
1.691
1.681
1.669
1.658
1.647
1.635
1.623
1.611
1.599
1.587
1.576
1.564
1.553
1.541
1.53
1.518
1.507
1.496
1.485
1.473
1.463
1.452
1.441
1.431
1.42
1.41
1.4
1.391
1.381
1.372
1.362
1.353
1.345
1.336
1.327
1.319
1.311
1.303
1.296
1.289
1.282
1.275
1.269
1.262
1.256
1.25
1.245
1.239
1.234
1.228
1.223
1.219
1.214
1.21
1.206
1.202
1.198
1.194
1.191
1.188
1.186
1.183
1.181
1.179
1.177
1.176
1.175
1.174
1.173
1.173
1.173
1.173
1.173
1.174
1.175
1.176
1.178
1.18
1.182
1.185
1.188
1.191
1.195
1.2
1.204
1.21
1.215
1.221
1.228
1.235
1.243
1.251
1.26
1.27
1.28
1.291
1.302
1.314
1.327
1.341
1.355
1.37
1.386
1.403
1.421
1.44
1.46
1.481
1.504
1.527
1.552
1.578
1.605
1.634
1.664
1.696
1.729
1.764
1.8
1.836
1.873
1.911
1.951
1.993
2.036
2.08
2.126
2.174
2.222
2.276
2.33
2.385
2.441
2.497
2.554
2.609
2.664
2.717
2.768
2.813
2.856
2.895
2.93
2.96
2.985
3.004
3.016
3.022
3.021
3.012
2.996
2.972
2.942
2.905
2.861
2.812
2.758
2.699
2.636
2.573
2.507
2.44
2.371
2.302
2.232
2.163
2.095
2.027
1.961
1.895
1.83
1.768
1.708
1.649
1.593
1.538
1.486
1.436
1.388
1.343
1.3
1.258
1.219
1.181
1.144
1.11
1.076
1.045
1.014
0.985
0.958
0.931
0.906
0.882
0.858
0.836
0.815
0.794
0.775
0.756
0.737
0.719
0.702
0.686
0.67
0.655
0.641
0.627
0.614
0.602
0.59
0.579
0.568
0.558
0.548
0.538
0.529
0.52
0.511
0.502
0.494
0.486
0.478
0.471
0.463
0.456
0.449
0.443
0.436
0.43
0.423
0.417
0.411
0.405
0.399
0.394
0.388
0.383
0.378
0.373
0.368
0.364
0.359
0.355
0.351
0.347
0.342
0.338
0.335
0.331
0.327
0.324
0.32
0.317
0.313
0.31
0.307
0.304
0.3
0.297
0.294
0.292
0.289
0.286
0.283
0.281
0.278
0.275
0.273
0.27
0.268
0.265
0.263
0.261
0.259
0.256
0.254
0.252
0.25
0.248
0.245
0.243
0.241
0.239
0.237
0.235
0.233
0.231
0.229
0.228
0.226
0.224
0.222
0.22
0.219
0.217
0.215
0.214
0.212
0.21
0.209
0.207
0.206
0.205
0.203
0.202
0.2
0.199
0.198
0.196
0.195
0.193
0.192
0.19
0.189
0.188
0.186
0.185
0.184
0.183
0.181
0.18
0.179
0.178
0.176
0.175
0.174
0.173
0.172
0.171
0.17
0.169
0.168
0.167
0.166
0.165
0.164
0.163
0.162
0.161
0.16
0.158
0.157
0.157
0.156
0.155
0.154
0.153
0.152
0.151
0.15
0.149
0.148
0.148
0.147
0.146
0.145
0.144
0.144
0.143
0.142
0.141
0.14
0.14
0.139
0.138
0.137
0.136
0.136
0.135
0.134
0.133
0.133
0.132
0.131
0.13
0.13
0.129
0.128
0.127
0.127
0.126
0.125
0.125
0.124
0.123
0.123
0.122
0.121
0.121
0.12
0.119
0.119
0.118
0.118
0.117
0.116
0.116
0.115
0.114
0.114
0.113
0.113
0.112
0.112
0.111
0.11
0.11
0.109
0.109
0.108
0.108
0.107
0.107
0.106
0.105
0.105
0.104
0.104
0.103
0.103
0.102
0.102
0.101
0.101
0.1
0.1
0.099
0.099
0.098
0.098
0.097
0.097
0.096
0.096
0.096
0.095
0.095
0.094
0.094
0.093
0.093
0.092
0.092
0.091
0.091
0.091
0.09
0.09
0.089
0.089
0.088
0.088
0.088
0.087
0.087
0.086
0.086
0.086
0.085
0.085
0.084
0.084
0.084
0.083
0.083
0.082
0.082
0.082
0.081
0.081
0.081
0.08
0.08
0.08
0.079
0.079
0.078
0.078
0.078
0.077
0.077
0.077
0.076
0.076
0.076
0.075
0.075
0.075
0.074
0.074
0.074
0.073
0.073
0.073
0.072
0.072
0.072
0.072
0.071
0.071
0.071
0.07
0.07
0.07
0.069
0.069
0.069
0.068
0.068
0.068
0.068
0.067
0.067
0.067
0.066
0.066
0.066
0.066
0.065
0.065
0.065
0.065
0.064
0.064
0.064
0.063
0.063
0.063
0.063
0.062
0.062
0.062
0.062
0.061
0.061
0.061
0.061
0.06
0.06
0.06
0.06
0.059
0.059
0.059
0.059
0.058
0.058
0.058
0.058
0.057
0.057
0.057
0.057
0.057
0.056
0.056
0.056
0.056
0.055
0.055
0.055
0.055
0.055
0.054
0.054
0.054
0.054
0.053
0.053
0.053
0.053
0.053
0.052
0.052
0.052
0.052
0.052
0.051