0.32627
0.24127
0.17694
0.13766
0.11201
0.095362
0.079105
0.07024
0.059817
0.05381
0.048542
0.043831
0.039531
0.034804
0.029896
0.028038
0.026551
0.023746
0.021896
0.020076
0.018521
0.017257
0.016809
0.016268
0.014693
0.014447
0.013608
0.012807
0.012045
0.011317
0.010623
0.009961
0.0093335
0.0087312
0.0081618
0.0076156
0.0070942
0.0066054
0.0061338
0.0056888
0.0052655
0.004864
0.0044836
0.0041235
0.0037828
0.0034605
0.0031563
0.0028697
0.0026001
0.0023464
0.0021092
0.0018864
0.0016787
0.0014757
0.0013061
0.0011393
0.00098243
0.0008406
0.00071334
0.00059638
0.0004902
0.00039616
0.00031437
0.00024048
0.00017959
0.00013043
0.00009245
0.00006782
0.000052168
0.00003977
0.000030217
0.000022913
0.000017068
0.000012382
0.000008621
0.0000056876
0.0000034275
0.0000017653
0.00000055561
0.00000023153
0.00000013904
0.000000080863
0.00000004794
0.000000027132
0.000000014318
0.0000000058798
0.0000000023352
0.0000000012714
0.00000000075284
0.00000000044799
0.00000000027228
0.00000000015856
0.000000000087196
0.000000000042039
0.000000000018128
0.000000000010428
0.0000000000062911
0.000000000003903
0.0000000000026367
0.0000000000017377
0.0000000000010428
0.00000000000060422
0.00000000000042895
0.00000000000020381
0.00000000000013785
0.00000000000010901