5.623
5.341
5.11
4.932
4.79
4.673
4.572
4.485
4.412
4.349
4.289
4.235
4.187
4.145
4.103
4.073
4.038
4.006
3.977
3.954
3.931
3.908
3.888
3.869
3.851
3.835
3.817
3.805
3.791
3.776
3.765
3.753
3.741
3.73
3.719
3.712
3.701
3.693
3.684
3.677
3.669
3.662
3.655
3.646
3.641
3.636
3.628
3.622
3.617
3.613
3.61
3.604
3.598
3.597
3.59
3.584
3.584
3.578
3.582
3.579
3.575
3.572
3.568
3.565
3.562
3.559
3.556
3.553
3.549
3.547
3.545
3.542
3.54
3.537
3.534
3.533
3.53
3.527
3.526
3.524
3.522
3.52
3.518
3.517
3.515
3.513
3.512
3.509
3.509
3.506
3.505
3.503
3.502
3.501
3.5
3.499
3.497
3.496
3.496
3.496
3.493
3.492
3.492
3.49
3.488
3.487